288.43
288.86
289.29
289.73
290.17
290.61
291.05
291.49
291.92
292.35
292.78
293.21
293.64
294.07
294.49
294.91
295.33
295.75
296.16
296.57
296.98
297.38
297.78
298.18
298.57
298.96
299.35
299.73
300.11
300.49
300.86
301.23
301.59
301.95
302.31
302.66
303.01
303.35
303.69
304.03
304.36
304.69
305.02
305.34
305.66
305.97
306.28
306.59
306.89
307.19
307.49
307.78
308.07
308.36
308.64
308.92
309.20
309.47
309.74
310.01
310.27
310.53
310.79
311.04
311.29
311.54
311.78
312.02
312.26
312.49
312.72
312.95
313.18
313.40
313.62
313.84
314.06
314.27
314.48
314.69
314.89
315.09
315.29
315.49
315.68
315.87
316.06
316.25
316.44
316.62
316.80
316.98
317.16
317.33
317.50
317.67
317.84
318.01
318.17
318.33
318.49
318.65
318.81
318.96
319.11
319.26
319.41
319.56
319.70
319.84
319.98
320.12
320.26
320.40
320.53
320.66
320.79
320.92
321.05
321.18
321.30
321.42
321.54
321.66
321.78
321.90
322.01
322.12
322.23
322.34
322.45
322.56
322.67
322.78
322.88
322.98
323.08
323.18
323.28
323.38
323.48
323.57
323.66
323.75
323.84
323.93
324.02
324.11
324.20
324.29
324.37
324.45
324.53
324.61
324.69
324.77
324.85
324.93
325.01
325.09
325.16
325.23
325.30
325.37
325.44
325.51
325.58
325.65
325.72
325.79
325.86
325.93
325.99
326.05
326.11
326.17
326.23
326.29
326.35
326.41
326.47
326.53
326.59
326.65
326.71
326.76
326.81
326.86
326.91
326.96
327.01
327.06
327.11
327.16
327.21
327.26
327.31
327.36
327.41
327.46
327.50
327.54
327.58
327.62
327.66
327.70
327.74
327.78
327.82
327.86
327.90
327.94
327.98
328.02
328.06
328.10
328.14
328.18
328.22
328.26
328.29
328.32
328.35
328.38
328.41
328.44
328.47
328.50
328.53
328.56
328.59
328.62
328.65
328.68
328.71
328.74
328.77
328.80
328.83
328.86
328.89
328.92
328.95
328.98
329.01
329.03
329.05
329.07
329.09
329.11
329.13
329.15
329.17
329.19
329.21
329.23
329.25
329.27
329.29
329.31
329.33
329.35
329.37
329.39
329.41
329.43
329.45
329.47
329.49
329.51
329.53
329.55
329.57
329.59
329.61
329.63
329.65
329.67
329.69
329.71
329.73
329.75
329.77
329.79
329.81
329.83
329.85
329.86
329.87
329.88
329.89
329.90
329.91
329.92
329.93
329.94
329.95
329.96
329.97
329.98
329.99
330.00
330.01
330.02
330.03
330.04
330.05
330.06
330.07
330.08
330.09
330.10
330.11
330.12
330.13
330.14
330.15
330.16
330.17
330.18
330.19
330.20
330.21
330.22
330.23
330.24
330.25
330.26
330.27
330.28
330.29
330.30
330.31
330.32
330.33
330.34
330.35
330.36
330.37
330.38
330.39
330.40
330.41
330.42
330.43
330.44
330.45
330.46
330.47
330.48
330.49
330.50
330.51
330.52
330.53
330.54
330.55
330.56
330.57
330.58
330.59
330.60
330.61
330.62
330.63
330.64
330.65
330.66
330.67
330.68
330.68
330.69
330.69
330.69
330.69
330.69
330.69
330.69
330.69
330.69
330.69
330.69
330.69
330.69
330.69
330.69
330.69
330.69
330.69
330.69
330.69
330.69
330.69
330.69
330.69
330.69
330.69
330.69
330.69
330.69
330.69
330.69
330.69
330.69
330.69
330.69
330.69
330.69
330.69
330.69
330.69
330.69
330.69
330.69
330.69
330.69
330.69
330.69
330.69
330.69
330.69
330.69
330.69
330.69
330.69
330.69
330.69
330.69
330.69
330.69
330.69
330.69
330.69
330.69
330.69
330.69
330.69
330.69
330.69
330.69
330.69
330.69
330.69
330.69
330.69
330.69
330.69
330.69
330.69
330.69
330.69
330.69
330.69
330.69
330.69
330.69
330.69
330.69
330.69
330.69
330.69
330.69
330.69
330.69
330.69
330.69
330.69
330.69
330.69
330.69
330.69
330.69
330.69
330.69
330.69
330.69
330.69
330.69
330.69
330.69
330.69
330.69
330.69
330.69
330.69
330.69
330.69
330.69
330.69
330.69
330.69
330.69
330.69
330.69
330.69
330.69
330.69
330.69
330.69
330.69
330.69
330.69
330.69
330.69
330.69
330.69
330.69
330.69
330.69
330.69
330.69
330.69
330.69
330.69
330.69
330.69
330.69
330.69
330.69
330.69
330.69
330.69
330.69
330.69
330.69
330.69
330.69
330.69
330.69
330.69
330.69
330.69
330.69
330.69
330.69
330.69
330.69
330.69
330.69
330.69
330.69
330.69
330.69
330.69
330.69
330.69
330.69
330.69
330.69
330.69
330.69
330.69
330.69
330.69
330.69
330.69
330.69
330.69
330.69
330.69
330.69
330.69
330.69
330.69
330.69
330.69
330.69
330.69
330.69
330.69
330.69
330.69
330.69
330.69
330.69
330.69
330.69
330.69
330.69
330.69
330.69
330.69
330.69
330.69
330.69
330.69
330.69
330.69
330.69
330.69
330.69
330.69
330.69
330.69
330.69
330.69
330.69
330.69
330.69
330.69
330.69
330.69
330.69
330.69
330.69
330.69
330.69
330.69
330.69
330.69
330.69
330.69
330.69
330.69
330.69
330.69
330.69
330.69
330.69
330.69
330.69
330.69
330.69
330.69
330.69
330.69
330.69
330.69
330.69
330.69
330.69
330.69
330.69
330.69
330.69
330.69
330.69
330.69
330.69
330.69
330.69
330.69
330.69
330.69
330.69
330.69
330.69
330.69
330.69
330.69
330.69
330.69
330.69
330.69
330.69
330.69
330.69
330.69
330.69
330.69
330.69
330.69
330.69
330.69
330.69
330.69
330.69
330.69
330.69
330.69
330.69
330.69
330.69
330.69
330.69
330.69
330.69
330.69
330.69
330.69
330.69
330.69
330.69
330.69
330.69
330.69
330.69
330.69
330.69
330.69
330.69
330.69
330.69
330.69
330.69
330.69
330.69
330.69
330.69
330.69
330.69
330.69
330.69
330.69
330.69
330.69
330.69
330.69
330.69
330.69
330.69
330.69
330.69
330.69
330.69
330.69
330.69
330.69
330.69
330.69
330.69
330.69
330.69
330.69
330.69
330.69
330.69
330.69
330.69
330.69
330.69
330.69
330.69
330.69
330.69
330.69
330.69
330.69
330.69
330.69
330.69
330.69
330.69
330.69
330.69
330.69
330.69
330.69
330.69
330.69
330.69
330.69
330.69
330.69
330.69
330.69
330.69
330.69
330.69
330.69
330.69
330.69
330.69
330.69
330.69
330.69
330.69
330.69
330.69
330.69
330.69
330.69
330.69
330.69
330.69
330.69
330.69
330.69
330.69
330.69
330.69
330.69
330.69
330.69
330.69
330.69
330.69
330.69
330.69
330.69
330.69
330.69
330.69
330.69
330.69
330.69
330.69
330.69
330.69
330.69
330.69
330.69
330.69
330.69
330.69
330.69
330.69
330.69
330.69
330.69
330.69
330.69
330.69
330.69
330.69
330.69
330.69
330.69
330.69
330.69
330.69
330.69
330.69
330.69
330.69
330.69
330.69
330.69
330.69
330.69
330.69
330.69
330.69
330.69
330.69
330.69
330.69
330.69
330.69
330.69
330.69
330.69
330.69
330.69
330.69
330.69
330.69
330.69
330.69
330.69
330.69
330.69
330.69
330.69
330.69
330.69
330.69
330.69
330.69
330.69
330.69
330.69
330.69
330.69
330.69
330.69
330.69
330.69
330.69
330.69
330.69
330.69
330.69
330.69
330.69
330.69
330.69
330.69
330.69
330.69
330.69
330.69
330.69
330.69
330.69
330.69
330.69
330.69
330.69
330.69
330.69
330.69
330.69
330.69
330.69
330.69
330.69
330.69
330.69
330.69
330.69
330.69
330.69
330.69
330.69
330.69
330.69
330.69
330.69
330.69
330.69
330.69
330.69
330.69
330.69
330.69
330.69
330.69
330.69
330.69
330.69
330.69
330.69
330.69
330.69
330.69
330.69
330.69
330.69
330.69
330.69
330.69
330.69
330.69
330.69
330.69
330.69
330.69
330.69
330.69
330.69
330.69
330.69
330.69
330.69
330.69
330.69
330.69
330.69
330.69
330.69
330.69
330.69
330.69
330.69
330.69
330.69
330.69
330.69
330.69
330.69
330.69
330.69
330.69
330.69
330.69
330.69
330.69
330.69
330.69
330.69
330.69
330.69
330.69
330.69
330.69
330.69
330.69
330.69
330.69
330.69
330.69
330.69
330.69
330.69
330.69
330.69
330.69
330.69
330.69
330.69
330.69
330.69
330.69
330.69
330.69
330.69
330.69
330.69
330.69
