288.63
289.24
289.84
290.42
290.99
291.54
292.08
292.61
293.12
293.62
294.11
294.59
295.06
295.52
295.97
296.41
296.84
297.27
297.69
298.10
298.50
298.90
299.29
299.67
300.05
300.42
300.78
301.14
301.49
301.84
302.18
302.52
302.85
303.18
303.50
303.82
304.13
304.44
304.74
305.04
305.33
305.62
305.91
306.19
306.47
306.74
307.01
307.28
307.54
307.80
308.06
308.31
308.56
308.81
309.05
309.29
309.53
309.76
309.99
310.22
310.44
310.66
310.88
311.10
311.31
311.52
311.73
311.94
312.14
312.34
312.54
312.73
312.92
313.11
313.30
313.49
313.67
313.85
314.03
314.21
314.38
314.55
314.72
314.89
315.06
315.22
315.38
315.54
315.70
315.85
316.00
316.15
316.30
316.45
316.60
316.74
316.88
317.02
317.16
317.30
317.43
317.56
317.69
317.82
317.95
318.08
318.21
318.33
318.45
318.57
318.69
318.81
318.93
319.04
319.15
319.26
319.37
319.48
319.59
319.70
319.81
319.91
320.01
320.11
320.21
320.31
320.41
320.51
320.60
320.69
320.78
320.87
320.96
321.05
321.14
321.23
321.32
321.40
321.48
321.56
321.64
321.72
321.80
321.88
321.96
322.04
322.12
322.19
322.26
322.33
322.40
322.47
322.54
322.61
322.68
322.75
322.82
322.89
322.95
323.01
323.07
323.13
323.19
323.25
323.31
323.37
323.43
323.49
323.55
323.61
323.67
323.73
323.78
323.83
323.88
323.93
323.98
324.03
324.08
324.13
324.18
324.23
324.28
324.33
324.38
324.43
324.48
324.52
324.56
324.60
324.64
324.68
324.72
324.76
324.80
324.84
324.88
324.92
324.96
325.00
325.04
325.08
325.12
325.16
325.20
325.24
325.28
325.31
325.34
325.37
325.40
325.43
325.46
325.49
325.52
325.55
325.58
325.61
325.64
325.67
325.70
325.73
325.76
325.79
325.82
325.85
325.88
325.91
325.94
325.97
326.00
326.03
326.05
326.07
326.09
326.11
326.13
326.15
326.17
326.19
326.21
326.23
326.25
326.27
326.29
326.31
326.33
326.35
326.37
326.39
326.41
326.43
326.45
326.47
326.49
326.51
326.53
326.55
326.57
326.59
326.61
326.63
326.65
326.67
326.69
326.71
326.73
326.75
326.77
326.79
326.81
326.82
326.83
326.85
326.86
326.87
326.88
326.90
326.91
326.92
326.93
326.95
326.96
326.97
326.98
327.00
327.01
327.02
327.03
327.04
327.05
327.06
327.07
327.08
327.09
327.10
327.11
327.12
327.13
327.14
327.15
327.16
327.17
327.18
327.19
327.20
327.21
327.22
327.23
327.24
327.25
327.26
327.27
327.28
327.29
327.30
327.31
327.32
327.33
327.34
327.35
327.36
327.37
327.38
327.39
327.40
327.41
327.42
327.43
327.44
327.45
327.46
327.47
327.48
327.49
327.50
327.51
327.52
327.53
327.54
327.55
327.56
327.56
327.57
327.58
327.58
327.59
327.59
327.60
327.61
327.61
327.62
327.63
327.63
327.64
327.64
327.65
327.66
327.66
327.67
327.68
327.68
327.69
327.69
327.70
327.71
327.71
327.72
327.73
327.73
327.74
327.74
327.75
327.75
327.75
327.75
327.75
327.75
327.75
327.75
327.75
327.75
327.75
327.75
327.75
327.75
327.75
327.75
327.75
327.75
327.75
327.75
327.75
327.75
327.75
327.75
327.75
327.75
327.75
327.75
327.75
327.75
327.75
327.75
327.75
327.75
327.75
327.75
327.75
327.75
327.75
327.75
327.75
327.75
327.75
327.75
327.75
327.75
327.75
327.75
327.75
327.75
327.75
327.75
327.75
327.75
327.75
327.75
327.75
327.75
327.75
327.75
327.75
327.75
327.75
327.75
327.75
327.75
327.75
327.75
327.75
327.75
327.75
327.75
327.75
327.75
327.75
327.75
327.75
327.75
327.75
327.75
327.75
327.75
327.75
327.75
327.75
327.75
327.75
327.75
327.75
327.75
327.75
327.75
327.75
327.75
327.75
327.75
327.75
327.75
327.75
327.75
327.75
327.75
327.75
327.75
327.75
327.75
327.75
327.75
327.75
327.75
327.75
327.75
327.75
327.75
327.75
327.75
327.75
327.75
327.75
327.75
327.75
327.75
327.75
327.75
327.75
327.75
327.75
327.75
327.75
327.75
327.75
327.75
327.75
327.75
327.75
327.75
327.75
327.75
327.75
327.75
327.75
327.75
327.75
327.75
327.75
327.75
327.75
327.75
327.75
327.75
327.75
327.75
327.75
327.75
327.75
327.75
327.75
327.75
327.75
327.75
327.75
327.75
327.75
327.75
327.75
327.75
327.75
327.75
327.75
327.75
327.75
327.75
327.75
327.75
327.75
327.75
327.75
327.75
327.75
327.75
327.75
327.75
327.75
327.75
327.75
327.75
327.75
327.75
327.75
327.75
327.75
327.75
327.75
327.75
327.75
327.75
327.75
327.75
327.75
327.75
327.75
327.75
327.75
327.75
327.75
327.75
327.75
327.75
327.75
327.75
327.75
327.75
327.75
327.75
327.75
327.75
327.75
327.75
327.75
327.75
327.75
327.75
327.75
327.75
327.75
327.75
327.75
327.75
327.75
327.75
327.75
327.75
327.75
327.75
327.75
327.75
327.75
327.75
327.75
327.75
327.75
327.75
327.75
327.75
327.75
327.75
327.75
327.75
327.75
327.75
327.75
327.75
327.75
327.75
327.75
327.75
327.75
327.75
327.75
327.75
327.75
327.75
327.75
327.75
327.75
327.75
327.75
327.75
327.75
327.75
327.75
327.75
327.75
327.75
327.75
327.75
327.75
327.75
327.75
327.75
327.75
327.75
327.75
327.75
327.75
327.75
327.75
327.75
327.75
327.75
327.75
327.75
327.75
327.75
327.75
327.75
327.75
327.75
327.75
327.75
327.75
327.75
327.75
327.75
327.75
327.75
327.75
327.75
327.75
327.75
327.75
327.75
327.75
327.75
327.75
327.75
327.75
327.75
327.75
327.75
327.75
327.75
327.75
327.75
327.75
327.75
327.75
327.75
327.75
327.75
327.75
327.75
327.75
327.75
327.75
327.75
327.75
327.75
327.75
327.75
327.75
327.75
327.75
327.75
327.75
327.75
327.75
327.75
327.75
327.75
327.75
327.75
327.75
327.75
327.75
327.75
327.75
327.75
327.75
327.75
327.75
327.75
327.75
327.75
327.75
327.75
327.75
327.75
327.75
327.75
327.75
327.75
327.75
327.75
327.75
327.75
327.75
327.75
327.75
327.75
327.75
327.75
327.75
327.75
327.75
327.75
327.75
327.75
327.75
327.75
327.75
327.75
327.75
327.75
327.75
327.75
327.75
327.75
327.75
327.75
327.75
327.75
327.75
327.75
327.75
327.75
327.75
327.75
327.75
327.75
327.75
327.75
327.75
327.75
327.75
327.75
327.75
327.75
327.75
327.75
327.75
327.75
327.75
327.75
327.75
327.75
327.75
327.75
327.75
327.75
327.75
327.75
327.75
327.75
327.75
327.75
327.75
327.75
327.75
327.75
327.75
327.75
327.75
327.75
327.75
327.75
327.75
327.75
327.75
327.75
327.75
327.75
327.75
327.75
327.75
327.75
327.75
327.75
327.75
327.75
327.75
327.75
327.75
327.75
327.75
327.75
327.75
327.75
327.75
327.75
327.75
327.75
327.75
327.75
327.75
327.75
327.75
327.75
327.75
327.75
327.75
327.75
327.75
327.75
327.75
327.75
327.75
327.75
327.75
327.75
327.75
327.75
327.75
327.75
327.75
327.75
327.75
327.75
327.75
327.75
327.75
327.75
327.75
327.75
327.75
327.75
327.75
327.75
327.75
327.75
327.75
327.75
327.75
327.75
327.75
327.75
327.75
327.75
327.75
327.75
327.75
327.75
327.75
327.75
327.75
327.75
327.75
327.75
327.75
327.75
327.75
327.75
327.75
327.75
327.75
327.75
327.75
327.75
327.75
327.75
327.75
327.75
327.75
327.75
327.75
327.75
327.75
327.75
327.75
327.75
327.75
327.75
327.75
327.75
327.75
327.75
327.75
327.75
327.75
327.75
327.75
327.75
327.75
327.75
327.75
327.75
327.75
327.75
327.75
327.75
327.75
327.75
327.75
327.75
327.75
327.75
327.75
327.75
327.75
327.75
327.75
327.75
327.75
327.75
327.75
327.75
327.75
327.75
327.75
327.75
327.75
327.75
327.75
327.75
327.75
327.75
327.75
327.75
327.75
327.75
327.75
327.75
327.75
327.75
327.75
327.75
327.75
327.75
327.75
327.75
327.75
327.75
327.75
327.75
327.75
327.75
327.75
327.75
327.75
327.75
327.75
327.75
327.75
327.75
327.75
327.75
327.75
327.75
